{
 "cells": [
  {
   "cell_type": "code",
   "execution_count": 1,
   "metadata": {},
   "outputs": [],
   "source": [
    "import pandas as pd\n",
    "import numpy as np\n",
    "import seaborn as sns\n",
    "import matplotlib.pyplot as plt\n"
   ]
  },
  {
   "cell_type": "code",
   "execution_count": 2,
   "metadata": {},
   "outputs": [],
   "source": [
    "train_data=pd.read_csv('Train.csv',sep=',')\n",
    "test_data=pd.read_csv('Test.csv',sep=',')"
   ]
  },
  {
   "cell_type": "code",
   "execution_count": 3,
   "metadata": {},
   "outputs": [
    {
     "data": {
      "text/html": [
       "<div>\n",
       "<style scoped>\n",
       "    .dataframe tbody tr th:only-of-type {\n",
       "        vertical-align: middle;\n",
       "    }\n",
       "\n",
       "    .dataframe tbody tr th {\n",
       "        vertical-align: top;\n",
       "    }\n",
       "\n",
       "    .dataframe thead th {\n",
       "        text-align: right;\n",
       "    }\n",
       "</style>\n",
       "<table border=\"1\" class=\"dataframe\">\n",
       "  <thead>\n",
       "    <tr style=\"text-align: right;\">\n",
       "      <th></th>\n",
       "      <th>Time</th>\n",
       "      <th>GHI</th>\n",
       "      <th>POA</th>\n",
       "      <th>A_Temp</th>\n",
       "      <th>M_Temp</th>\n",
       "      <th>Hmd</th>\n",
       "      <th>W_Speed</th>\n",
       "      <th>W_Dir</th>\n",
       "      <th>Rain</th>\n",
       "      <th>Grid_Voltage</th>\n",
       "      <th>InverterActivePower</th>\n",
       "    </tr>\n",
       "  </thead>\n",
       "  <tbody>\n",
       "    <tr>\n",
       "      <th>0</th>\n",
       "      <td>2017-03-27 18:10:00</td>\n",
       "      <td>17.25</td>\n",
       "      <td>15.73</td>\n",
       "      <td>35.62</td>\n",
       "      <td>31.80</td>\n",
       "      <td>20.81</td>\n",
       "      <td>1.22</td>\n",
       "      <td>195.02</td>\n",
       "      <td>0.0</td>\n",
       "      <td>397.07</td>\n",
       "      <td>0.0</td>\n",
       "    </tr>\n",
       "    <tr>\n",
       "      <th>1</th>\n",
       "      <td>2017-03-27 19:37:00</td>\n",
       "      <td>0.00</td>\n",
       "      <td>0.00</td>\n",
       "      <td>32.51</td>\n",
       "      <td>27.37</td>\n",
       "      <td>25.46</td>\n",
       "      <td>2.12</td>\n",
       "      <td>44.94</td>\n",
       "      <td>0.0</td>\n",
       "      <td>398.65</td>\n",
       "      <td>0.0</td>\n",
       "    </tr>\n",
       "    <tr>\n",
       "      <th>2</th>\n",
       "      <td>2017-03-27 19:58:00</td>\n",
       "      <td>0.00</td>\n",
       "      <td>0.00</td>\n",
       "      <td>33.04</td>\n",
       "      <td>28.93</td>\n",
       "      <td>27.79</td>\n",
       "      <td>2.82</td>\n",
       "      <td>57.13</td>\n",
       "      <td>0.0</td>\n",
       "      <td>392.10</td>\n",
       "      <td>0.0</td>\n",
       "    </tr>\n",
       "    <tr>\n",
       "      <th>3</th>\n",
       "      <td>2017-03-27 21:57:00</td>\n",
       "      <td>0.00</td>\n",
       "      <td>0.00</td>\n",
       "      <td>30.67</td>\n",
       "      <td>27.15</td>\n",
       "      <td>33.08</td>\n",
       "      <td>2.18</td>\n",
       "      <td>51.21</td>\n",
       "      <td>0.0</td>\n",
       "      <td>387.84</td>\n",
       "      <td>0.0</td>\n",
       "    </tr>\n",
       "    <tr>\n",
       "      <th>4</th>\n",
       "      <td>2017-03-27 22:27:00</td>\n",
       "      <td>0.00</td>\n",
       "      <td>0.00</td>\n",
       "      <td>29.50</td>\n",
       "      <td>25.06</td>\n",
       "      <td>34.96</td>\n",
       "      <td>1.60</td>\n",
       "      <td>49.94</td>\n",
       "      <td>0.0</td>\n",
       "      <td>385.67</td>\n",
       "      <td>0.0</td>\n",
       "    </tr>\n",
       "  </tbody>\n",
       "</table>\n",
       "</div>"
      ],
      "text/plain": [
       "                  Time    GHI    POA  A_Temp  M_Temp    Hmd  W_Speed   W_Dir  \\\n",
       "0  2017-03-27 18:10:00  17.25  15.73   35.62   31.80  20.81     1.22  195.02   \n",
       "1  2017-03-27 19:37:00   0.00   0.00   32.51   27.37  25.46     2.12   44.94   \n",
       "2  2017-03-27 19:58:00   0.00   0.00   33.04   28.93  27.79     2.82   57.13   \n",
       "3  2017-03-27 21:57:00   0.00   0.00   30.67   27.15  33.08     2.18   51.21   \n",
       "4  2017-03-27 22:27:00   0.00   0.00   29.50   25.06  34.96     1.60   49.94   \n",
       "\n",
       "   Rain  Grid_Voltage  InverterActivePower  \n",
       "0   0.0        397.07                  0.0  \n",
       "1   0.0        398.65                  0.0  \n",
       "2   0.0        392.10                  0.0  \n",
       "3   0.0        387.84                  0.0  \n",
       "4   0.0        385.67                  0.0  "
      ]
     },
     "execution_count": 3,
     "metadata": {},
     "output_type": "execute_result"
    }
   ],
   "source": [
    "train_data.head()"
   ]
  },
  {
   "cell_type": "code",
   "execution_count": 4,
   "metadata": {},
   "outputs": [
    {
     "data": {
      "text/plain": [
       "(965566, 11)"
      ]
     },
     "execution_count": 4,
     "metadata": {},
     "output_type": "execute_result"
    }
   ],
   "source": [
    "train_data.shape"
   ]
  },
  {
   "cell_type": "code",
   "execution_count": 5,
   "metadata": {},
   "outputs": [
    {
     "name": "stdout",
     "output_type": "stream",
     "text": [
      "<class 'pandas.core.frame.DataFrame'>\n",
      "RangeIndex: 965566 entries, 0 to 965565\n",
      "Data columns (total 11 columns):\n",
      "Time                   965566 non-null object\n",
      "GHI                    936014 non-null float64\n",
      "POA                    936032 non-null float64\n",
      "A_Temp                 936033 non-null float64\n",
      "M_Temp                 936000 non-null float64\n",
      "Hmd                    936049 non-null float64\n",
      "W_Speed                936030 non-null float64\n",
      "W_Dir                  936020 non-null float64\n",
      "Rain                   936066 non-null float64\n",
      "Grid_Voltage           859096 non-null float64\n",
      "InverterActivePower    859095 non-null float64\n",
      "dtypes: float64(10), object(1)\n",
      "memory usage: 81.0+ MB\n"
     ]
    }
   ],
   "source": [
    "train_data.info()"
   ]
  },
  {
   "cell_type": "code",
   "execution_count": 6,
   "metadata": {},
   "outputs": [
    {
     "data": {
      "text/plain": [
       "Time                        0\n",
       "GHI                     29552\n",
       "POA                     29534\n",
       "A_Temp                  29533\n",
       "M_Temp                  29566\n",
       "Hmd                     29517\n",
       "W_Speed                 29536\n",
       "W_Dir                   29546\n",
       "Rain                    29500\n",
       "Grid_Voltage           106470\n",
       "InverterActivePower    106471\n",
       "dtype: int64"
      ]
     },
     "execution_count": 6,
     "metadata": {},
     "output_type": "execute_result"
    }
   ],
   "source": [
    "train_data.isnull().sum()"
   ]
  },
  {
   "cell_type": "code",
   "execution_count": 7,
   "metadata": {},
   "outputs": [
    {
     "data": {
      "text/html": [
       "<div>\n",
       "<style scoped>\n",
       "    .dataframe tbody tr th:only-of-type {\n",
       "        vertical-align: middle;\n",
       "    }\n",
       "\n",
       "    .dataframe tbody tr th {\n",
       "        vertical-align: top;\n",
       "    }\n",
       "\n",
       "    .dataframe thead th {\n",
       "        text-align: right;\n",
       "    }\n",
       "</style>\n",
       "<table border=\"1\" class=\"dataframe\">\n",
       "  <thead>\n",
       "    <tr style=\"text-align: right;\">\n",
       "      <th></th>\n",
       "      <th>GHI</th>\n",
       "      <th>POA</th>\n",
       "      <th>A_Temp</th>\n",
       "      <th>M_Temp</th>\n",
       "      <th>Hmd</th>\n",
       "      <th>W_Speed</th>\n",
       "      <th>W_Dir</th>\n",
       "      <th>Rain</th>\n",
       "      <th>Grid_Voltage</th>\n",
       "      <th>InverterActivePower</th>\n",
       "    </tr>\n",
       "  </thead>\n",
       "  <tbody>\n",
       "    <tr>\n",
       "      <th>GHI</th>\n",
       "      <td>1.000000</td>\n",
       "      <td>0.824544</td>\n",
       "      <td>0.518471</td>\n",
       "      <td>0.852123</td>\n",
       "      <td>-0.363917</td>\n",
       "      <td>0.331016</td>\n",
       "      <td>0.146083</td>\n",
       "      <td>-0.045701</td>\n",
       "      <td>-0.032346</td>\n",
       "      <td>0.816294</td>\n",
       "    </tr>\n",
       "    <tr>\n",
       "      <th>POA</th>\n",
       "      <td>0.824544</td>\n",
       "      <td>1.000000</td>\n",
       "      <td>0.506654</td>\n",
       "      <td>0.845127</td>\n",
       "      <td>-0.352496</td>\n",
       "      <td>0.362974</td>\n",
       "      <td>0.150377</td>\n",
       "      <td>-0.053346</td>\n",
       "      <td>-0.039769</td>\n",
       "      <td>0.829098</td>\n",
       "    </tr>\n",
       "    <tr>\n",
       "      <th>A_Temp</th>\n",
       "      <td>0.518471</td>\n",
       "      <td>0.506654</td>\n",
       "      <td>1.000000</td>\n",
       "      <td>0.798239</td>\n",
       "      <td>-0.614804</td>\n",
       "      <td>0.292048</td>\n",
       "      <td>0.285958</td>\n",
       "      <td>-0.049806</td>\n",
       "      <td>-0.076165</td>\n",
       "      <td>0.513892</td>\n",
       "    </tr>\n",
       "    <tr>\n",
       "      <th>M_Temp</th>\n",
       "      <td>0.852123</td>\n",
       "      <td>0.845127</td>\n",
       "      <td>0.798239</td>\n",
       "      <td>1.000000</td>\n",
       "      <td>-0.473704</td>\n",
       "      <td>0.385458</td>\n",
       "      <td>0.262869</td>\n",
       "      <td>-0.042024</td>\n",
       "      <td>-0.057516</td>\n",
       "      <td>0.859135</td>\n",
       "    </tr>\n",
       "    <tr>\n",
       "      <th>Hmd</th>\n",
       "      <td>-0.363917</td>\n",
       "      <td>-0.352496</td>\n",
       "      <td>-0.614804</td>\n",
       "      <td>-0.473704</td>\n",
       "      <td>1.000000</td>\n",
       "      <td>-0.209163</td>\n",
       "      <td>0.116956</td>\n",
       "      <td>0.189945</td>\n",
       "      <td>0.071849</td>\n",
       "      <td>-0.386794</td>\n",
       "    </tr>\n",
       "    <tr>\n",
       "      <th>W_Speed</th>\n",
       "      <td>0.331016</td>\n",
       "      <td>0.362974</td>\n",
       "      <td>0.292048</td>\n",
       "      <td>0.385458</td>\n",
       "      <td>-0.209163</td>\n",
       "      <td>1.000000</td>\n",
       "      <td>0.072688</td>\n",
       "      <td>-0.049864</td>\n",
       "      <td>-0.049602</td>\n",
       "      <td>0.364079</td>\n",
       "    </tr>\n",
       "    <tr>\n",
       "      <th>W_Dir</th>\n",
       "      <td>0.146083</td>\n",
       "      <td>0.150377</td>\n",
       "      <td>0.285958</td>\n",
       "      <td>0.262869</td>\n",
       "      <td>0.116956</td>\n",
       "      <td>0.072688</td>\n",
       "      <td>1.000000</td>\n",
       "      <td>0.062357</td>\n",
       "      <td>0.007261</td>\n",
       "      <td>0.110844</td>\n",
       "    </tr>\n",
       "    <tr>\n",
       "      <th>Rain</th>\n",
       "      <td>-0.045701</td>\n",
       "      <td>-0.053346</td>\n",
       "      <td>-0.049806</td>\n",
       "      <td>-0.042024</td>\n",
       "      <td>0.189945</td>\n",
       "      <td>-0.049864</td>\n",
       "      <td>0.062357</td>\n",
       "      <td>1.000000</td>\n",
       "      <td>0.022087</td>\n",
       "      <td>-0.059239</td>\n",
       "    </tr>\n",
       "    <tr>\n",
       "      <th>Grid_Voltage</th>\n",
       "      <td>-0.032346</td>\n",
       "      <td>-0.039769</td>\n",
       "      <td>-0.076165</td>\n",
       "      <td>-0.057516</td>\n",
       "      <td>0.071849</td>\n",
       "      <td>-0.049602</td>\n",
       "      <td>0.007261</td>\n",
       "      <td>0.022087</td>\n",
       "      <td>1.000000</td>\n",
       "      <td>-0.046511</td>\n",
       "    </tr>\n",
       "    <tr>\n",
       "      <th>InverterActivePower</th>\n",
       "      <td>0.816294</td>\n",
       "      <td>0.829098</td>\n",
       "      <td>0.513892</td>\n",
       "      <td>0.859135</td>\n",
       "      <td>-0.386794</td>\n",
       "      <td>0.364079</td>\n",
       "      <td>0.110844</td>\n",
       "      <td>-0.059239</td>\n",
       "      <td>-0.046511</td>\n",
       "      <td>1.000000</td>\n",
       "    </tr>\n",
       "  </tbody>\n",
       "</table>\n",
       "</div>"
      ],
      "text/plain": [
       "                          GHI       POA    A_Temp    M_Temp       Hmd  \\\n",
       "GHI                  1.000000  0.824544  0.518471  0.852123 -0.363917   \n",
       "POA                  0.824544  1.000000  0.506654  0.845127 -0.352496   \n",
       "A_Temp               0.518471  0.506654  1.000000  0.798239 -0.614804   \n",
       "M_Temp               0.852123  0.845127  0.798239  1.000000 -0.473704   \n",
       "Hmd                 -0.363917 -0.352496 -0.614804 -0.473704  1.000000   \n",
       "W_Speed              0.331016  0.362974  0.292048  0.385458 -0.209163   \n",
       "W_Dir                0.146083  0.150377  0.285958  0.262869  0.116956   \n",
       "Rain                -0.045701 -0.053346 -0.049806 -0.042024  0.189945   \n",
       "Grid_Voltage        -0.032346 -0.039769 -0.076165 -0.057516  0.071849   \n",
       "InverterActivePower  0.816294  0.829098  0.513892  0.859135 -0.386794   \n",
       "\n",
       "                      W_Speed     W_Dir      Rain  Grid_Voltage  \\\n",
       "GHI                  0.331016  0.146083 -0.045701     -0.032346   \n",
       "POA                  0.362974  0.150377 -0.053346     -0.039769   \n",
       "A_Temp               0.292048  0.285958 -0.049806     -0.076165   \n",
       "M_Temp               0.385458  0.262869 -0.042024     -0.057516   \n",
       "Hmd                 -0.209163  0.116956  0.189945      0.071849   \n",
       "W_Speed              1.000000  0.072688 -0.049864     -0.049602   \n",
       "W_Dir                0.072688  1.000000  0.062357      0.007261   \n",
       "Rain                -0.049864  0.062357  1.000000      0.022087   \n",
       "Grid_Voltage        -0.049602  0.007261  0.022087      1.000000   \n",
       "InverterActivePower  0.364079  0.110844 -0.059239     -0.046511   \n",
       "\n",
       "                     InverterActivePower  \n",
       "GHI                             0.816294  \n",
       "POA                             0.829098  \n",
       "A_Temp                          0.513892  \n",
       "M_Temp                          0.859135  \n",
       "Hmd                            -0.386794  \n",
       "W_Speed                         0.364079  \n",
       "W_Dir                           0.110844  \n",
       "Rain                           -0.059239  \n",
       "Grid_Voltage                   -0.046511  \n",
       "InverterActivePower             1.000000  "
      ]
     },
     "execution_count": 7,
     "metadata": {},
     "output_type": "execute_result"
    }
   ],
   "source": [
    "train_data.corr()"
   ]
  },
  {
   "cell_type": "code",
   "execution_count": 8,
   "metadata": {},
   "outputs": [
    {
     "data": {
      "text/plain": [
       "Index(['Time', 'GHI', 'POA', 'A_Temp', 'M_Temp', 'Hmd', 'W_Speed', 'W_Dir',\n",
       "       'Rain', 'Grid_Voltage', 'InverterActivePower'],\n",
       "      dtype='object')"
      ]
     },
     "execution_count": 8,
     "metadata": {},
     "output_type": "execute_result"
    }
   ],
   "source": [
    "train_data.columns"
   ]
  },
  {
   "cell_type": "code",
   "execution_count": 9,
   "metadata": {},
   "outputs": [
    {
     "data": {
      "text/plain": [
       "0         2017-03-27 18:10:00\n",
       "1         2017-03-27 19:37:00\n",
       "2         2017-03-27 19:58:00\n",
       "3         2017-03-27 21:57:00\n",
       "4         2017-03-27 22:27:00\n",
       "5         2017-03-27 22:29:00\n",
       "6         2017-03-27 22:40:00\n",
       "7         2017-03-27 23:08:00\n",
       "8         2017-03-27 23:52:00\n",
       "9         2017-03-28 00:14:00\n",
       "10        2017-03-28 00:37:00\n",
       "11        2017-03-28 01:10:00\n",
       "12        2017-03-28 01:14:00\n",
       "13        2017-03-28 01:58:00\n",
       "14        2017-03-28 02:03:00\n",
       "15        2017-03-28 02:16:00\n",
       "16        2017-03-28 02:19:00\n",
       "17        2017-03-28 04:16:00\n",
       "18        2017-03-28 04:19:00\n",
       "19        2017-03-28 04:34:00\n",
       "20        2017-03-28 04:36:00\n",
       "21        2017-03-28 05:51:00\n",
       "22        2017-03-28 06:01:00\n",
       "23        2017-03-28 06:18:00\n",
       "24        2017-03-28 07:07:00\n",
       "25        2017-03-28 09:06:00\n",
       "26        2017-03-28 09:37:00\n",
       "27        2017-03-28 10:33:00\n",
       "28        2017-03-28 11:01:00\n",
       "29        2017-03-28 12:40:00\n",
       "                 ...         \n",
       "965536    2018-01-14 23:36:00\n",
       "965537    2018-03-21 23:56:00\n",
       "965538    2018-05-21 07:30:00\n",
       "965539    2018-05-21 23:02:00\n",
       "965540    2018-02-07 23:55:00\n",
       "965541    2018-01-23 23:36:00\n",
       "965542    2018-03-19 23:49:00\n",
       "965543    2018-02-05 23:31:00\n",
       "965544    2018-05-21 11:51:00\n",
       "965545    2018-01-26 23:16:00\n",
       "965546    2018-01-18 23:36:00\n",
       "965547    2018-02-15 23:26:00\n",
       "965548    2018-05-21 10:47:00\n",
       "965549    2018-03-18 23:20:00\n",
       "965550    2018-02-23 23:03:00\n",
       "965551    2018-02-01 23:08:00\n",
       "965552    2018-03-12 23:57:00\n",
       "965553    2018-01-09 23:44:00\n",
       "965554    2018-01-01 23:46:00\n",
       "965555    2018-03-14 23:26:00\n",
       "965556    2018-03-16 23:20:00\n",
       "965557    2018-01-15 23:41:00\n",
       "965558    2018-01-08 23:21:00\n",
       "965559    2018-01-17 23:14:00\n",
       "965560    2018-05-21 20:36:00\n",
       "965561    2018-01-07 23:57:00\n",
       "965562    2018-01-07 23:57:00\n",
       "965563    2018-01-06 23:01:00\n",
       "965564    2018-03-25 23:45:00\n",
       "965565    2018-02-21 23:43:00\n",
       "Name: Time, Length: 965566, dtype: object"
      ]
     },
     "execution_count": 9,
     "metadata": {},
     "output_type": "execute_result"
    }
   ],
   "source": [
    "train_data['Time']"
   ]
  },
  {
   "cell_type": "code",
   "execution_count": 10,
   "metadata": {},
   "outputs": [],
   "source": [
    "import calendar\n",
    "from    datetime                 import   datetime\n",
    "import datetime as dt"
   ]
  },
  {
   "cell_type": "code",
   "execution_count": 11,
   "metadata": {},
   "outputs": [
    {
     "name": "stdout",
     "output_type": "stream",
     "text": [
      "<class 'pandas.core.frame.DataFrame'>\n",
      "RangeIndex: 965566 entries, 0 to 965565\n",
      "Data columns (total 11 columns):\n",
      "Time                   965566 non-null object\n",
      "GHI                    936014 non-null float64\n",
      "POA                    936032 non-null float64\n",
      "A_Temp                 936033 non-null float64\n",
      "M_Temp                 936000 non-null float64\n",
      "Hmd                    936049 non-null float64\n",
      "W_Speed                936030 non-null float64\n",
      "W_Dir                  936020 non-null float64\n",
      "Rain                   936066 non-null float64\n",
      "Grid_Voltage           859096 non-null float64\n",
      "InverterActivePower    859095 non-null float64\n",
      "dtypes: float64(10), object(1)\n",
      "memory usage: 81.0+ MB\n"
     ]
    }
   ],
   "source": [
    "train_data.info()"
   ]
  },
  {
   "cell_type": "code",
   "execution_count": 12,
   "metadata": {},
   "outputs": [],
   "source": [
    "train_data['Time']=train_data['Time'].apply(lambda x:dt.datetime.strptime(x,'%Y-%m-%d %H:%M:%S'))\n",
    "test_data['Time']=test_data['Time'].apply(lambda x:dt.datetime.strptime(x,'%Y-%m-%d %H:%M:%S'))\n"
   ]
  },
  {
   "cell_type": "code",
   "execution_count": 13,
   "metadata": {},
   "outputs": [
    {
     "name": "stdout",
     "output_type": "stream",
     "text": [
      "<class 'pandas.core.frame.DataFrame'>\n",
      "RangeIndex: 965566 entries, 0 to 965565\n",
      "Data columns (total 11 columns):\n",
      "Time                   965566 non-null datetime64[ns]\n",
      "GHI                    936014 non-null float64\n",
      "POA                    936032 non-null float64\n",
      "A_Temp                 936033 non-null float64\n",
      "M_Temp                 936000 non-null float64\n",
      "Hmd                    936049 non-null float64\n",
      "W_Speed                936030 non-null float64\n",
      "W_Dir                  936020 non-null float64\n",
      "Rain                   936066 non-null float64\n",
      "Grid_Voltage           859096 non-null float64\n",
      "InverterActivePower    859095 non-null float64\n",
      "dtypes: datetime64[ns](1), float64(10)\n",
      "memory usage: 81.0 MB\n"
     ]
    }
   ],
   "source": [
    "train_data.info()"
   ]
  },
  {
   "cell_type": "code",
   "execution_count": 14,
   "metadata": {},
   "outputs": [
    {
     "data": {
      "text/html": [
       "<div>\n",
       "<style scoped>\n",
       "    .dataframe tbody tr th:only-of-type {\n",
       "        vertical-align: middle;\n",
       "    }\n",
       "\n",
       "    .dataframe tbody tr th {\n",
       "        vertical-align: top;\n",
       "    }\n",
       "\n",
       "    .dataframe thead th {\n",
       "        text-align: right;\n",
       "    }\n",
       "</style>\n",
       "<table border=\"1\" class=\"dataframe\">\n",
       "  <thead>\n",
       "    <tr style=\"text-align: right;\">\n",
       "      <th></th>\n",
       "      <th>GHI</th>\n",
       "      <th>POA</th>\n",
       "      <th>A_Temp</th>\n",
       "      <th>M_Temp</th>\n",
       "      <th>Hmd</th>\n",
       "      <th>W_Speed</th>\n",
       "      <th>W_Dir</th>\n",
       "      <th>Rain</th>\n",
       "      <th>Grid_Voltage</th>\n",
       "      <th>InverterActivePower</th>\n",
       "    </tr>\n",
       "  </thead>\n",
       "  <tbody>\n",
       "    <tr>\n",
       "      <th>GHI</th>\n",
       "      <td>1.000000</td>\n",
       "      <td>0.824544</td>\n",
       "      <td>0.518471</td>\n",
       "      <td>0.852123</td>\n",
       "      <td>-0.363917</td>\n",
       "      <td>0.331016</td>\n",
       "      <td>0.146083</td>\n",
       "      <td>-0.045701</td>\n",
       "      <td>-0.032346</td>\n",
       "      <td>0.816294</td>\n",
       "    </tr>\n",
       "    <tr>\n",
       "      <th>POA</th>\n",
       "      <td>0.824544</td>\n",
       "      <td>1.000000</td>\n",
       "      <td>0.506654</td>\n",
       "      <td>0.845127</td>\n",
       "      <td>-0.352496</td>\n",
       "      <td>0.362974</td>\n",
       "      <td>0.150377</td>\n",
       "      <td>-0.053346</td>\n",
       "      <td>-0.039769</td>\n",
       "      <td>0.829098</td>\n",
       "    </tr>\n",
       "    <tr>\n",
       "      <th>A_Temp</th>\n",
       "      <td>0.518471</td>\n",
       "      <td>0.506654</td>\n",
       "      <td>1.000000</td>\n",
       "      <td>0.798239</td>\n",
       "      <td>-0.614804</td>\n",
       "      <td>0.292048</td>\n",
       "      <td>0.285958</td>\n",
       "      <td>-0.049806</td>\n",
       "      <td>-0.076165</td>\n",
       "      <td>0.513892</td>\n",
       "    </tr>\n",
       "    <tr>\n",
       "      <th>M_Temp</th>\n",
       "      <td>0.852123</td>\n",
       "      <td>0.845127</td>\n",
       "      <td>0.798239</td>\n",
       "      <td>1.000000</td>\n",
       "      <td>-0.473704</td>\n",
       "      <td>0.385458</td>\n",
       "      <td>0.262869</td>\n",
       "      <td>-0.042024</td>\n",
       "      <td>-0.057516</td>\n",
       "      <td>0.859135</td>\n",
       "    </tr>\n",
       "    <tr>\n",
       "      <th>Hmd</th>\n",
       "      <td>-0.363917</td>\n",
       "      <td>-0.352496</td>\n",
       "      <td>-0.614804</td>\n",
       "      <td>-0.473704</td>\n",
       "      <td>1.000000</td>\n",
       "      <td>-0.209163</td>\n",
       "      <td>0.116956</td>\n",
       "      <td>0.189945</td>\n",
       "      <td>0.071849</td>\n",
       "      <td>-0.386794</td>\n",
       "    </tr>\n",
       "    <tr>\n",
       "      <th>W_Speed</th>\n",
       "      <td>0.331016</td>\n",
       "      <td>0.362974</td>\n",
       "      <td>0.292048</td>\n",
       "      <td>0.385458</td>\n",
       "      <td>-0.209163</td>\n",
       "      <td>1.000000</td>\n",
       "      <td>0.072688</td>\n",
       "      <td>-0.049864</td>\n",
       "      <td>-0.049602</td>\n",
       "      <td>0.364079</td>\n",
       "    </tr>\n",
       "    <tr>\n",
       "      <th>W_Dir</th>\n",
       "      <td>0.146083</td>\n",
       "      <td>0.150377</td>\n",
       "      <td>0.285958</td>\n",
       "      <td>0.262869</td>\n",
       "      <td>0.116956</td>\n",
       "      <td>0.072688</td>\n",
       "      <td>1.000000</td>\n",
       "      <td>0.062357</td>\n",
       "      <td>0.007261</td>\n",
       "      <td>0.110844</td>\n",
       "    </tr>\n",
       "    <tr>\n",
       "      <th>Rain</th>\n",
       "      <td>-0.045701</td>\n",
       "      <td>-0.053346</td>\n",
       "      <td>-0.049806</td>\n",
       "      <td>-0.042024</td>\n",
       "      <td>0.189945</td>\n",
       "      <td>-0.049864</td>\n",
       "      <td>0.062357</td>\n",
       "      <td>1.000000</td>\n",
       "      <td>0.022087</td>\n",
       "      <td>-0.059239</td>\n",
       "    </tr>\n",
       "    <tr>\n",
       "      <th>Grid_Voltage</th>\n",
       "      <td>-0.032346</td>\n",
       "      <td>-0.039769</td>\n",
       "      <td>-0.076165</td>\n",
       "      <td>-0.057516</td>\n",
       "      <td>0.071849</td>\n",
       "      <td>-0.049602</td>\n",
       "      <td>0.007261</td>\n",
       "      <td>0.022087</td>\n",
       "      <td>1.000000</td>\n",
       "      <td>-0.046511</td>\n",
       "    </tr>\n",
       "    <tr>\n",
       "      <th>InverterActivePower</th>\n",
       "      <td>0.816294</td>\n",
       "      <td>0.829098</td>\n",
       "      <td>0.513892</td>\n",
       "      <td>0.859135</td>\n",
       "      <td>-0.386794</td>\n",
       "      <td>0.364079</td>\n",
       "      <td>0.110844</td>\n",
       "      <td>-0.059239</td>\n",
       "      <td>-0.046511</td>\n",
       "      <td>1.000000</td>\n",
       "    </tr>\n",
       "  </tbody>\n",
       "</table>\n",
       "</div>"
      ],
      "text/plain": [
       "                          GHI       POA    A_Temp    M_Temp       Hmd  \\\n",
       "GHI                  1.000000  0.824544  0.518471  0.852123 -0.363917   \n",
       "POA                  0.824544  1.000000  0.506654  0.845127 -0.352496   \n",
       "A_Temp               0.518471  0.506654  1.000000  0.798239 -0.614804   \n",
       "M_Temp               0.852123  0.845127  0.798239  1.000000 -0.473704   \n",
       "Hmd                 -0.363917 -0.352496 -0.614804 -0.473704  1.000000   \n",
       "W_Speed              0.331016  0.362974  0.292048  0.385458 -0.209163   \n",
       "W_Dir                0.146083  0.150377  0.285958  0.262869  0.116956   \n",
       "Rain                -0.045701 -0.053346 -0.049806 -0.042024  0.189945   \n",
       "Grid_Voltage        -0.032346 -0.039769 -0.076165 -0.057516  0.071849   \n",
       "InverterActivePower  0.816294  0.829098  0.513892  0.859135 -0.386794   \n",
       "\n",
       "                      W_Speed     W_Dir      Rain  Grid_Voltage  \\\n",
       "GHI                  0.331016  0.146083 -0.045701     -0.032346   \n",
       "POA                  0.362974  0.150377 -0.053346     -0.039769   \n",
       "A_Temp               0.292048  0.285958 -0.049806     -0.076165   \n",
       "M_Temp               0.385458  0.262869 -0.042024     -0.057516   \n",
       "Hmd                 -0.209163  0.116956  0.189945      0.071849   \n",
       "W_Speed              1.000000  0.072688 -0.049864     -0.049602   \n",
       "W_Dir                0.072688  1.000000  0.062357      0.007261   \n",
       "Rain                -0.049864  0.062357  1.000000      0.022087   \n",
       "Grid_Voltage        -0.049602  0.007261  0.022087      1.000000   \n",
       "InverterActivePower  0.364079  0.110844 -0.059239     -0.046511   \n",
       "\n",
       "                     InverterActivePower  \n",
       "GHI                             0.816294  \n",
       "POA                             0.829098  \n",
       "A_Temp                          0.513892  \n",
       "M_Temp                          0.859135  \n",
       "Hmd                            -0.386794  \n",
       "W_Speed                         0.364079  \n",
       "W_Dir                           0.110844  \n",
       "Rain                           -0.059239  \n",
       "Grid_Voltage                   -0.046511  \n",
       "InverterActivePower             1.000000  "
      ]
     },
     "execution_count": 14,
     "metadata": {},
     "output_type": "execute_result"
    }
   ],
   "source": [
    "corr=train_data.corr()\n",
    "corr"
   ]
  },
  {
   "cell_type": "code",
   "execution_count": 15,
   "metadata": {},
   "outputs": [
    {
     "data": {
